ISS (ZARYA)             
1 25544U 98067A   17262.25536781  .00002362  00000-0  42787-4 0  9990
2 25544  51.6430 289.3839 0003612 291.7007 170.5597 15.54216953 76380
TIANGONG 1              
1 37820U 11053A   17262.12377096  .00060683  00000-0  24863-3 0  9992
2 37820  42.7576 342.6788 0019662  24.0002  49.6914 15.84856245342845
AGGIESAT 4              
1 41313U 98067HP  17262.11095417  .00044972  00000-0  24563-3 0  9997
2 41313  51.6372 238.8952 0003683 116.8477 243.2901 15.79403428 93746
NODES 2                 
1 41477U 98067HX  17262.38431888  .17021661  12538-4  46079-3 0  9990
2 41477  51.6074 225.8859 0003017 249.6794 110.5489 16.45625800 77086
NODES 1                 
1 41478U 98067HY  17262.27813725  .01253142  12080-2  76825-3 0  9999
2 41478  51.6178 228.2978 0002105 141.3439 218.7729 16.17718557 77047
FLOCK 2E'-1             
1 41479U 98067HZ  17262.11062995  .00030413  00000-0  21641-3 0  9994
2 41479  51.6312 256.1874 0001090  30.3300 329.7762 15.73581973 76623
FLOCK 2E'-3             
1 41480U 98067JA  17262.02169911  .00029185  00000-0  21191-3 0  9996
2 41480  51.6314 256.3657 0002004  38.6565 321.4577 15.73129941 76602
FLOCK 2E'-2             
1 41481U 98067JB  17262.04559311  .00030562  00000-0  21081-3 0  9995
2 41481  51.6286 254.2054 0001298  70.1692 289.9447 15.74305591 76629
FLOCK 2E'-4             
1 41482U 98067JC  17262.04911770  .00046229  00000-0  26718-3 0  9996
2 41482  51.6269 251.1864 0002806  79.5450 280.5867 15.78136111 76668
FLOCK 2E-1              
1 41483U 98067JD  17262.05274730  .00021709  00000-0  17093-3 0  9998
2 41483  51.6337 258.1387 0003161  47.2935 312.8328 15.71393923 76443
FLOCK 2E-2              
1 41484U 98067JE  17262.06347094  .00027249  00000-0  19349-3 0  9995
2 41484  51.6352 255.2253 0003407  57.0594 303.0733 15.73691225 76488
FLOCK 2E-3              
1 41486U 98067JG  17262.12279937  .00031201  00000-0  23180-3 0  9995
2 41486  51.6326 259.3411 0003438  73.0544 287.0831 15.72549084 76450
FLOCK 2E-4              
1 41487U 98067JH  17261.97665866  .00021104  00000-0  16557-3 0  9999
2 41487  51.6337 258.3427 0003959  79.0105 281.1338 15.71498065 76454
FLOCK 2E-6              
1 41563U 98067JM  17262.00577970  .00018310  00000-0  15696-3 0  9995
2 41563  51.6330 261.5410 0000381  87.2271 272.8770 15.69468336 74484
FLOCK 2E-5              
1 41564U 98067JN  17262.02136592  .00017900  00000-0  15370-3 0  9992
2 41564  51.6334 261.6551 0000626  59.5608 300.5451 15.69447807 74478
FLOCK 2E-7              
1 41565U 98067JP  17262.18929343  .00027850  00000-0  19564-3 0  9998
2 41565  51.6326 254.4599 0004309  91.8549 268.2944 15.73926278 74484
FLOCK 2E'-5             
1 41567U 98067JR  17262.00530812  .00017666  00000-0  15788-3 0  9998
2 41567  51.6343 263.8259 0004013 109.2546 250.8885 15.68474331 74310
FLOCK 2E'-6             
1 41568U 98067JS  17262.24474551  .00019396  00000-0  15677-3 0  9991
2 41568  51.6327 258.6090 0003696 102.5099 257.6312 15.70847159 74431
FLOCK 2E'-8             
1 41569U 98067JT  17262.01422563  .00031335  00000-0  21652-3 0  9990
2 41569  51.6312 254.7882 0002996  61.6018 298.5283 15.74247972 74342
FLOCK 2E'-7             
1 41570U 98067JU  17262.17021593  .00304460  45220-4  99458-3 0  9995
2 41570  51.6319 247.5413 0005444  87.7587 272.4042 15.90116550 74475
FLOCK 2E-9              
1 41571U 98067JV  17262.02296635  .00037282  00000-0  24351-3 0  9999
2 41571  51.6331 253.3600 0003462  84.8789 275.2606 15.75459088 74345
FLOCK 2E-10             
1 41572U 98067JW  17262.10613428  .00027888  00000-0  20295-3 0  9996
2 41572  51.6324 256.1891 0004217  96.3076 263.8403 15.73097004 74316
FLOCK 2E-12             
1 41573U 98067JX  17262.04875773  .00031881  00000-0  21794-3 0  9996
2 41573  51.6314 255.0264 0003587  98.6351 261.5055 15.74486739 74325
FLOCK 2E-11             
1 41574U 98067JY  17261.97194399  .00031413  00000-0  21467-3 0  9994
2 41574  51.6298 254.4563 0004039 107.4676 252.6765 15.74500575 74328
FLOCK 2E'-9             
1 41575U 98067JZ  17262.14769787  .00038081  00000-0  24182-3 0  9999
2 41575  51.6302 251.8438 0003334 112.7464 247.3888 15.76094509 74366
FLOCK 2E'-10            
1 41576U 98067KA  17261.96550775  .00033697  00000-0  22506-3 0  9990
2 41576  51.6333 255.2567 0003700 115.0328 245.1056 15.74994911 74204
FLOCK 2E'-11            
1 41577U 98067KB  17261.59838691  .00031730  00000-0  22526-3 0  9994
2 41577  51.6327 258.0719 0004076  99.4059 260.7401 15.73606200 73959
FLOCK 2E'-12            
1 41578U 98067KC  17262.07230239  .00039392  00000-0  25099-3 0  9993
2 41578  51.6301 253.6254 0004985  92.1946 267.9625 15.75993235 74059
FLOCK 2E'-13            
1 41761U 98067KH  17261.96799103  .00012023  00000-0  13676-3 0  9994
2 41761  51.6364 277.9149 0005027 260.9752  99.0673 15.62749305 57569
FLOCK 2E'-14            
1 41762U 98067KJ  17262.06785459  .00012602  00000-0  14103-3 0  9995
2 41762  51.6373 277.1154 0004750 263.1915  96.8539 15.63119727 57584
FLOCK 2E'-16            
1 41763U 98067KK  17262.07306328  .00013794  00000-0  15051-3 0  9997
2 41763  51.6376 276.3969 0004354 278.4674  81.5827 15.63678085 57559
FLOCK 2E'-15            
1 41764U 98067KL  17262.17711575  .00011184  00000-0  12814-3 0  9998
2 41764  51.6373 277.0900 0004770 270.4559  89.5889 15.62648327 57557
TIANGONG-2              
1 41765U 16057A   17262.20495214 -.00006285  00000-0 -74673-4 0  9991
2 41765  42.7831 156.4459 0002089 212.2792 285.6132 15.58749467 57654
FLOCK 2E'-18            
1 41769U 98067KM  17261.64842637  .00014034  00000-0  15901-3 0  9995
2 41769  51.6373 279.5527 0004203 296.9419  63.1146 15.62687877 57471
FLOCK 2E'-17            
1 41776U 98067KN  17262.08376840  .00012684  00000-0  14357-3 0  9993
2 41776  51.6382 277.2362 0004612 299.9722  60.0814 15.62818952 57530
FLOCK 2E'-19            
1 41777U 98067KP  17262.03056735  .00020259  00000-0  19768-3 0  9995
2 41777  51.6356 273.0647 0003454 307.3324  52.7356 15.66184148 57544
FLOCK 2E'-20            
1 41782U 98067KQ  17262.20687030  .00015758  00000-0  16105-3 0  9998
2 41782  51.6369 273.5315 0003489 305.9486  54.1185 15.65221989 57429
BANXING-2               
1 41834U 16057H   17262.13165034  .00017174  00000-0  14160-3 0  9995
2 41834  42.7823 143.4082 0007862 200.5347 289.1294 15.70007952 51865
STARS-C                 
1 41895U 98067KR  17262.14136380  .00045013  00000-0  40695-3 0  9991
2 41895  51.6349 278.3189 0004406 350.9667   9.1250 15.67625248 42699
TANCREDO-1              
1 41931U 98067KT  17262.05810868  .00202801  00000-0  87491-3 0  9997
2 41931  51.6286 269.4072 0003979  17.3740 342.7398 15.83840087 38379
ITF-2                   
1 41932U 98067KU  17262.15940845  .00019257  00000-0  22043-3 0  9991
2 41932  51.6388 282.2437 0003622 275.0182  85.0399 15.62147953 38219
WASEDA-SAT3             
1 41933U 98067KV  17262.15570261  .00020710  00000-0  22726-3 0  9997
2 41933  51.6369 281.4388 0003470 283.0019  77.0588 15.63185169 38228
AOBA-VELOX 3            
1 41935U 98067KX  17262.18705021  .00019493  00000-0  21747-3 0  9994
2 41935  51.6385 281.6705 0003140 285.8758  74.1890 15.62805325 38324
OSNSAT                  
1 41939U 98067KZ  17261.41240115  .00054295  00000-0  42949-3 0  9997
2 41939  51.6342 279.4346 0003240 309.6339  50.4372 15.70795367 37535
LEMUR-2-REDFERN-GOES    
1 42059U 98067LA  17262.15579344  .00018683  00000-0  22309-3 0  9991
2 42059  51.6373 284.4426 0006633 300.9544  59.0797 15.61055262 30676
LEMUR-2-TRUTNA          
1 42067U 98067LC  17262.12927612  .00034609  00000-0  33591-3 0  9993
2 42067  51.6368 282.0062 0005723 315.7331  44.3206 15.65978951 30536
LEMUR-2-AUSTINTACIOUS   
1 42068U 98067LD  17262.24216421  .00021109  00000-0  23955-3 0  9990
2 42068  51.6377 283.5203 0006134 302.4313  57.6087 15.62293345 30628
LEMUR-2-TRUTNAHD        
1 42069U 98067LE  17262.20030936  .00018792  00000-0  22034-3 0  9993
2 42069  51.6385 284.0038 0005852 302.1881  57.8545 15.61531927 30668
ISS DEB                 
1 42434U 98067LF  17262.19347699  .00182384  00000-0  10294-2 0  9997
2 42434  51.6290 277.8729 0004316  17.8415 342.2737 15.78063426 26912
TIANZHOU 1              
1 42684U 17021A   17261.98791858 -.00005980  00000-0 -70046-4 0  9992
2 42684  42.7815 157.7368 0002817 239.0919 121.0654 15.59029025 23654
ISS DEB                 
1 42697U 98067LG  17262.12793957  .00171663  00000-0  12265-2 0  9991
2 42697  51.6322 283.4679 0006004   7.5344 352.5743 15.72682392 21356
HAVELSAT                
1 42700U 98067LH  17262.17349362  .00016991  00000-0  22363-3 0  9991
2 42700  51.6387 287.5617 0006317 329.1438  30.9182 15.58559072 19581
SOMP 2                  
1 42701U 98067LJ  17262.18573342  .00015919  00000-0  21247-3 0  9999
2 42701  51.6385 287.6476 0006193 329.1273  30.9354 15.58241417 19574
COLUMBIA                
1 42702U 98067LK  17262.19093475  .00041259  00000-0  46095-3 0  9999
2 42702  51.6374 286.1767 0006457 337.7531  22.3182 15.62315240 19525
SGSAT                   
1 42703U 98067LL  17262.17237816  .00031513  00000-0  37413-3 0  9993
2 42703  51.6367 286.7998 0001866 332.3681  27.7213 15.60890527 19502
CXBN-2                  
1 42704U 98067LM  17262.12887991  .00017161  00000-0  22846-3 0  9991
2 42704  51.6389 288.0167 0001320 311.2166  48.8712 15.58259855 19495
ICECUBE                 
1 42705U 98067LN  17262.23709621  .00019866  00000-0  25489-3 0  9997
2 42705  51.6398 287.2485 0001229 308.9512  51.1372 15.59131275 19570
PHOENIX                 
1 42706U 98067LP  17262.11638404  .00016339  00000-0  21673-3 0  9998
2 42706  51.6383 287.9359 0001571 344.8085  15.2860 15.58398926 19486
X-CUBESAT               
1 42707U 98067LQ  17262.18028906  .00015976  00000-0  21150-3 0  9992
2 42707  51.6375 287.6081 0001685 347.0787  13.0162 15.58470978 19486
QBEE50-LTU-OC           
1 42708U 98067LR  17262.18374951  .00016050  00000-0  21311-3 0  9990
2 42708  51.6377 287.6312 0001732 345.0053  15.0888 15.58387465 19444
ALTAIR PATHFINDER       
1 42711U 98067LS  17262.17957394  .00010520  00000-0  14917-3 0  9991
2 42711  51.6387 288.3506 0003243 259.4391 100.6236 15.57058342 19147
SHARC                   
1 42712U 98067LT  17262.18054973  .00006129  00000-0  90409-4 0  9995
2 42712  51.6395 288.3632 0001434 271.9056  88.1772 15.56857842 19386
ZA-AEROSAT              
1 42713U 98067LU  17262.14813998  .00013755  00000-0  18838-3 0  9990
2 42713  51.6386 288.1446 0001128 273.0843  87.0020 15.57698887 19146
LINK                    
1 42714U 98067LV  17262.18769617  .00020070  00000-0  25997-3 0  9995
2 42714  51.6377 287.6546 0001228 311.0964  48.9923 15.58870510 19267
CSUNSAT 1               
1 42715U 98067LW  17262.21811237  .00015396  00000-0  20934-3 0  9997
2 42715  51.6386 287.8576 0003021 250.2240 109.8426 15.57784600 19153
UPSAT                   
1 42716U 98067LX  17262.17245327  .00019036  00000-0  24688-3 0  9999
2 42716  51.6385 287.5574 0004943 337.7578  22.3200 15.58868418 19281
SPACECUBE               
1 42717U 98067LY  17262.19414058  .00016573  00000-0  22096-3 0  9995
2 42717  51.6385 287.7008 0004779 335.8300  24.2468 15.58242897 18525
HOOPOE                  
1 42718U 98067LZ  17262.11912591  .00018748  00000-0  24600-3 0  9992
2 42718  51.6380 287.9517 0004758 335.8300  24.2469 15.58569639 18511
CHALLENGER              
1 42721U 98067MA  17262.11578539  .00028061  00000-0  35417-3 0  9993
2 42721  51.6373 287.9224 0006985 312.4988  47.5414 15.59322014 18219
NJUST-1                 
1 42722U 98067MB  17262.23604381  .00013500  00000-0  18661-3 0  9996
2 42722  51.6384 287.9783 0007015 308.4612  51.5750 15.57449736 18224
UNSW-ECO                
1 42723U 98067MC  17262.08301025  .00020611  00000-0  27213-3 0  9993
2 42723  51.6388 288.4595 0006836 310.1267  49.9126 15.58321547 18185
DUTHSAT                 
1 42724U 98067MD  17262.19034166  .00022280  00000-0  28512-3 0  9992
2 42724  51.6386 287.6747 0006258 317.6937  42.3572 15.59104148 18121
LILACSAT-1              
1 42725U 98067ME  17262.23589608  .00016043  00000-0  21880-3 0  9995
2 42725  51.6386 287.9796 0006124 314.2771  45.7718 15.57655126 18146
NSIGHT-1                
1 42726U 98067MF  17262.20608073  .00008471  00000-0  12413-3 0  9999
2 42726  51.6394 288.5322 0006183 311.6967  48.3495 15.56454949 18129
SNUSAT-1                
1 42727U 98067MG  17262.23365229  .00017201  00000-0  23356-3 0  9995
2 42727  51.6376 287.9563 0006488 270.1468  89.8780 15.57711894 18092
QBITO                   
1 42728U 98067MH  17262.21776423  .00017297  00000-0  23183-3 0  9999
2 42728  51.6396 287.8638 0003820 331.7050  28.3735 15.58069647 17938
AALTO-2                 
1 42729U 98067MJ  17262.08933540  .00018470  00000-0  24719-3 0  9990
2 42729  51.6387 288.5017 0003764 330.6758  29.4022 15.58056845 17924
SUSAT                   
1 42730U 98067MK  17262.22305241  .00015840  00000-0  21430-3 0  9994
2 42730  51.6384 287.8934 0003812 328.6372  31.4392 15.57892270 17940
I-INSPIRE II            
1 42731U 98067ML  17262.07826057  .00021839  00000-0  28581-3 0  9990
2 42731  51.6374 288.4177 0005459 256.3546 103.6839 15.58525355 17963
POLYITAN-2-SAU          
1 42732U 98067MM  17262.08604883  .00019282  00000-0  25676-3 0  9994
2 42732  51.6379 288.4696 0005714 254.0607 105.9755 15.58150365 17969
SNUSAT-1B               
1 42733U 98067MN  17262.22336153  .00016415  00000-0  22140-3 0  9991
2 42733  51.6381 287.8876 0005683 256.6392 103.3967 15.57936807 17981
EXALTA-1                
1 42734U 98067MP  17262.20720230  .00018809  00000-0  24779-3 0  9992
2 42734  51.6376 287.7812 0007601 282.7318  77.2824 15.58442690 17934
AOXIANG-1               
1 42735U 98067MQ  17262.23297912  .00013848  00000-0  19069-3 0  9996
2 42735  51.6382 287.9569 0007559 304.2351  55.7925 15.57524342 19357
BEEAGLESAT              
1 42736U 98067MR  17262.22962989  .00015099  00000-0  20596-3 0  9996
2 42736  51.6382 287.9348 0007436 304.1773  55.8514 15.57697087 18041
ATLANTIS                
1 42737U 98067MS  17262.13224255  .00040200  00000-0  47024-3 0  9991
2 42737  51.6365 287.2768 0007085 313.4455  46.5949 15.61132280 17932
PROGRESS-MS 06          
1 42756U 17033A   17261.49102826  .00002458  00000-0  44234-4 0  9997
2 42756  51.6428 293.1954 0003662 287.8822 214.9303 15.54212844 76268
ISS DEB (ROSA)          
1 42813U 98067MT  17262.18570266  .00036830  00000-0  45560-3 0  9994
2 42813  51.6376 288.3889 0003553 315.9841  44.0869 15.59729500 13324
SOYUZ-MS 05             
1 42898U 17043A   17261.49102826  .00002458  00000-0  44234-4 0  9995
2 42898  51.6428 293.1954 0003662 287.8822 214.9303 15.54212844 76265
DRAGON CRS-12           
1 42904U 17045A   17260.43667123  .35747718  00000-0  35781+0 0  9999
2 42904  51.6403 298.4787 0004318 303.3822  56.5513 15.57297920  5256
SOYUZ-MS 06             
1 42937U 17054A   17261.49102826  .00002458  00000-0  44234-4 0  9991
2 42937  51.6428 293.1954 0003662 287.8822 214.9303 15.54212844 76269
